-0.050514928494533054 -0.007538792171280277 0.22241947378754415 
-0.0490719937136708 -0.00570562554065745 0.2225374664057242 
-0.045452828874710575 -0.003882596237024232 0.21173375942545594 
-0.04433490767379939 -0.0020950475778546817 0.21329434805757821 
-0.04304855918582239 -0.0004054930795847842 0.21362082361077284 
-0.04198687844375758 0.0014276735510380535 0.21564508642294009 
-0.04055534032088821 0.003255771518166079 0.2157997876771053 
-0.03911767753465725 0.005077111267301027 0.21589683274249039 
-0.03802107384108292 0.006898451016435976 0.2176991732711585 
-0.036433340379404044 0.008601521950692036 0.21657278969978833 
-0.0351360545747896 0.010426240808823546 0.21738523610924215 
-0.032563755881937696 0.011960356293252625 0.210660204582699 
-0.03126083354746386 0.01379352292387549 0.21147825943282125 
-0.029959912969745414 0.01561655222750872 0.21226577375876193 
-0.028589010296060716 0.01736693068771636 0.212412774231169 
-0.027304601674048475 0.01919333910034612 0.21329636477162686 
-0.02186522542020367 0.020666630622837467 0.1919926495923682 
-0.017640650064136496 0.02203179065743955 0.17633041295044066 
-0.016171090319389694 0.02385988862456758 0.1762950060952188 
-0.014798363529650804 0.0256947448096887 0.17677079688700884 
-0.01340683097831067 0.02752284277681673 0.17712552599882028 
-0.01205039394279291 0.029349251189446483 0.1776489744717505 
-0.010698927188142117 0.031179038711072773 0.17821079078500168 
-0.00929782323760904 0.03292603806228385 0.1781932684371806 
-0.008057551638964395 0.03475413602941189 0.17930430231246952 
-0.006603172466030524 0.03653492647058835 0.179155568212506 
-0.005276745235413577 0.03835964532871985 0.17982230749194728 
-0.0019915911319385096 0.03994106833910047 0.16972222901609443 
-0.0005012800767006872 0.0417691663062285 0.16958306560841743 
0.0007866427396044443 0.04359895382785479 0.1704626016133969 
0.0022727130898380493 0.04537805471453299 0.1701486534089417 
0.004837749361101713 0.04685303579152261 0.1632233963605819 
0.006242718803972341 0.048681133758650644 0.1635109410147409 
0.007696829593199339 0.05051430038927349 0.16357305359109728 
0.009079289949817104 0.05234915657439459 0.16400017654849283 
0.010411853986915506 0.054182323205017424 0.16467002288549215 
0.012657774523350769 0.05579246864186863 0.15988100195072072 
0.014001761546754019 0.05755636353806241 0.16021664641847957 
0.015790505470916864 0.05923240160034613 0.15797707904680022 
0.01707345610214807 0.06106049956747417 0.15887471775915635 
0.018443691104500844 0.06289197664359875 0.15934945105189077 
0.020145993259462022 0.06468966262975791 0.1580286842217215 
0.021481602432704687 0.06652113970588247 0.15867654666000644 
0.02313420727976226 0.06762948745674753 0.15484691342817883 
0.024628499463933633 0.06945420631487903 0.15467432793984798 
0.02575085164051677 0.07128399383650531 0.15638171714343743 
0.027229971126991666 0.07310871269463684 0.15628499514358904 
0.028667696427707327 0.07465803416955033 0.15529365453966468 
0.030153806320236426 0.07648782169117664 0.15518225516352444 
0.03163801410105428 0.07831760921280295 0.15508036634594038 
0.03302436900627062 0.08014908628892753 0.155474500124357 
0.034504471448472365 0.08193156628460227 0.1552039078960472 
0.035843075960166296 0.08376135380622858 0.15583003542408283 
0.03831426318248171 0.08660994269031166 0.1548684548488381 
0.03954434343187632 0.08842790333045011 0.15598989616241885 
0.04084492766048347 0.09025262218858161 0.15678585045190913 
0.04215317151435667 0.09207565149221483 0.15753674839707596 
0.04357230953971635 0.09388347480536363 0.15767235152287282 
0.044865741805864216 0.09571326232698993 0.15852434027863865 
0.04634512860985627 0.09754136029411797 0.15843979812719056 
0.047747792577537355 0.09936270004325296 0.15871183728532506 
0.04918256318188879 0.10118066068339139 0.15880982682412165 
0.05066079166751645 0.10301382731401423 0.1587513509184747 
0.05204922973170827 0.10483685661764744 0.15910127781204841 
0.05337268603088306 0.10666495458477547 0.15979638818468658 
0.05485017915194818 0.10849305255190352 0.15972131444787313 
0.05608938009486562 0.11032621918252634 0.1608579762557773 
0.05743098938972695 0.11212221561418724 0.16133391550811427 
0.05883858703033637 0.11395200313581354 0.16161507739157233 
0.06031486982377153 0.11578179065743985 0.16155281351090178 
0.06171587287088113 0.11760988862456788 0.16186019014386588 
0.06318576619681154 0.11939743728373745 0.16166091815089212 
0.06464990632427167 0.12122722480536371 0.1616593676000965 
0.06610996049854019 0.12305701232698993 0.1616782468152588 
0.06754701511943557 0.12489017895761269 0.16182564023327287 
0.0689588081117375 0.12672334558823548 0.16209934179425442 
0.07039921967642881 0.1285463748918686 0.16218940118533032 
0.0718539301473301 0.13037785196799315 0.16224175713532207 
0.07331079255454881 0.13211471399221458 0.1619048931961143 
0.07476527525223142 0.13391746864186857 0.16184349830631714 
0.07621910230171303 0.13567460532006928 0.16160290977171202 
0.07758178571572477 0.13749594506920423 0.16207485169819316 
0.07902296007657475 0.13929869971885817 0.16207999849255897 
0.08047585799155574 0.1411267976859862 0.1621279007861662 
0.08176290182248228 0.14295320609861586 0.16299831528205208 
0.08316366683563414 0.1447897518382352 0.1633406731747701 
0.084486682133667 0.14650971831747397 0.16360546260156092 
0.08583557286439583 0.14818744593425595 0.16357191941504462 
0.08724542857851023 0.1500155439013839 0.16383503271298458 
0.0886860662072641 0.151850400086505 0.16397126930969955 
0.09013088248615914 0.1536751189446364 0.16404606334774993 
0.09156993601162883 0.15550997512975748 0.1641902204608858 
0.09299497263628492 0.15733807309688544 0.16437742920611711 
0.09442900473992422 0.1591712397275083 0.16453993521041213 
0.09585894985813778 0.16100271680363287 0.16471611792384266 
0.09728681363208706 0.16283588343425567 0.16490946557658737 
0.09871482253977512 0.1646690500648785 0.1651020875606385 
0.10014091656617449 0.16648363159602036 0.16522994355320894 
0.10156292104045597 0.16826611159169505 0.1652498411645003 
0.10298244314472862 0.1700283169333905 0.16520105200991883 
0.10441012301215909 0.17183614024653926 0.16529394592536167 
0.10582880891645771 0.173662548659169 0.16550615005438754 
0.10724371593385214 0.1754416495458472 0.16554801851412815 
0.10868446544748009 0.17721906087802708 0.16545391627470787 
0.11010367818985992 0.17895592290224852 0.1653053006596945 
0.10999203371746191 0.17895423334775024 0.1658567648036914 
0.10996559040752685 0.1788866511678194 0.16571865263364333 
0.109803135194042 0.17888496161332115 0.16652417048307452 
0.1097386035802646 0.17888327205882287 0.1668400703339685 
0.10963629551238596 0.17884948096885747 0.16721644631350005 
0.11092913570430987 0.18046300551470526 0.16720634353727173 
0.11084799021825743 0.18045455774221394 0.16757827987756857 
0.11071084642258414 0.18045286818771566 0.1682572406379421 
0.11054559865695984 0.1804461099697226 0.1690564465940912 
0.11043801711887305 0.18044273086072607 0.16958083784853903 
0.11033324881369203 0.18043428308823473 0.1700708882844788 
0.11032947149038552 0.18042414576124513 0.17004922559305283 
0.11023729242577432 0.18041062932525898 0.17045605517216425 
0.11014526034517397 0.1804038711072659 0.17088918270319386 
0.11010499856233213 0.1803937337802763 0.1710499423094446 
0.10999518735232128 0.18039204422577804 0.1715922401415058 
0.10996494970269313 0.18036839046280223 0.17164881333774334 
0.10975789522950416 0.1803582531358126 0.17264353639572957 
0.10973923955179508 0.18035318447231782 0.17271654013029594 
0.10967643539697214 0.18033628892733508 0.1729629787244796 
0.10948818371273483 0.18033122026384027 0.17388396249168697 
0.1094670172162709 0.18031770382785411 0.173935729230062 
0.10947031679750482 0.1803092560553626 0.17388544023392621 
0.1094705381065649 0.1803024978373695 0.17385730081665351 
0.10934494492554786 0.1803008082828713 0.17447850850374588 
0.10929822717515364 0.180299118728373 0.17470533903772387 
0.10930434385439752 0.1802822231833903 0.17460717346157356 
0.10902833112329471 0.180211261894463 0.17570339196137846 
0.10898119322414139 0.1802095723399647 0.17593232323915192 
0.10895586062333115 0.1801791603589958 0.17593733831932742 
0.10889764334285915 0.18017747080449753 0.1762216665036945 
0.10881160077696841 0.18014030060553562 0.17650319853730045 
0.10869922140196098 0.18013354238754256 0.17703806254036547 
0.10860835601766705 0.18012340506055288 0.17745184015387633 
0.10859279593229604 0.1801217155060546 0.17752288236273825 
0.10856702191961476 0.18010819907006845 0.17759768668219997 
0.10849333664906488 0.18010313040657364 0.17794583838097014 
0.10806735140907273 0.17948813256920332 0.1776157732314497 
0.10801569410475678 0.17946447880622757 0.17777944470112633 
0.10798883937821943 0.17945434147923794 0.17787316902585462 
0.1078699810241377 0.1794442041522483 0.17842691148830472 
0.10779460087817952 0.17943406682525861 0.1787632629101368 
0.10774867780558933 0.17943068771626208 0.17897936183710175 
0.10914597447629049 0.18123851102941088 0.17922417173619112 
0.10904200562784563 0.1811320690960199 0.17931824824485143 
0.109020733693237 0.1811253108780268 0.17939757504592213 
0.10894704098783908 0.18110165711505105 0.17967142352100882 
0.10893776053635479 0.1810661764705874 0.17957590320057573 
0.10894179905546256 0.18106110780709259 0.17953543595105756 
0.10891703086401427 0.18105941825259433 0.179652518690306 
0.10884241808647874 0.18105772869809605 0.18001882435999053 
0.10882990070337045 0.18102393760813065 0.1799462469156704 
0.10883708136791728 0.18102224805363237 0.17990358537494314 
0.10872912263310593 0.18101717939013756 0.18042310439502057 
0.10863940108508185 0.18089891057525867 0.1803986368756254 
0.10851399397209219 0.1807502297794109 0.1804309492571827 
0.10842578102858808 0.18074854022491263 0.1808652557567102 
0.10830936585981149 0.18074516111591615 0.1814338151646072 
0.10818005309979845 0.18073164467992994 0.18202631322072751 
0.10787381988858707 0.18040049199826916 0.18223286855014129 
0.10785762138543106 0.18035994269031064 0.18215166383408726 
0.10777500462315207 0.1803126351643592 0.1823755175416765 
0.10774665870642924 0.18030418739186785 0.18248345603532518 
0.1076297393636754 0.1801892976859854 0.18260849392556466 
0.10743291312608567 0.18016902303200616 0.18351152649759622 
0.10735676550110054 0.18016733347750788 0.18388550640452886 
0.10721331087502609 0.1799781033737016 0.18384585911967588 
0.1071768321177913 0.17997134515570856 0.18400122003387784 
0.10698923812588104 0.179880109212802 0.18457424622180277 
0.10696757646949517 0.17987841965830376 0.18467579628573916 
0.1068813591286528 0.17982266435986083 0.18488386179617933 
0.10678684969917612 0.1798091479238747 0.1853023431996183 
0.10650587734323333 0.17970777465397844 0.18630171189974712 
0.10637996782750869 0.17970608509948016 0.18692450126037724 
0.1063105226769144 0.17970101643598535 0.18725145235936935 
0.10618433218534554 0.1796959477724906 0.1878621301632347 
0.10609136752046074 0.1796942582179923 0.1883201952696655 
0.10734514876872016 0.18124357969290578 0.18824857492802236 
0.10726483854752203 0.1812418901384075 0.18864336781601987 
0.10715906315874904 0.18120809904844212 0.18903708040002326 
0.10706285453487363 0.1812030303849473 0.1894978488654211 
0.1070340689810106 0.18119627216695425 0.18961474376276397 
0.10688983721754938 0.1811557228589958 0.19017370534823638 
0.10684104507989761 0.1811286899870235 0.19030953454860597 
0.10672918638053049 0.18112531087802697 0.19085531160945543 
0.10670132246754933 0.18112362132352872 0.19098787295636818 
0.10647611188747136 0.18100197339965324 0.1916273341612562 
0.10638730293103538 0.18097831963667754 0.1919767638915333 
0.10628412473311376 0.18096818230968797 0.19245210557318307 
0.10619128308228443 0.1809648032006915 0.19290279739134383 
0.10606731188776582 0.18085498215830392 0.19308336919438665 
0.10609980634590863 0.1808228806228368 0.19279249076180402 
0.10608675142236221 0.1808076746323524 0.19279694141759854 
0.10602070742110675 0.18070123269896143 0.19270139369031195 
0.10598860507345084 0.18069954314446318 0.19285514721059857 
0.10593054572812693 0.18068264759948047 0.1930778617572871 
0.10579114257480898 0.18058127432958426 0.19336938444429216 
0.1057575188667049 0.1805221399221448 0.19330096535505473 
0.10572706464981244 0.18052045036764655 0.19344647822152403 
0.10557878210797048 0.18049341749567416 0.1940797594428442 
0.10549905069905377 0.18048496972318281 0.19444462539746246 
0.10544138217066368 0.18048159061418628 0.19471945160342674 
0.10497612393828454 0.1798784196583041 0.19463305894179364 
0.10493700816967881 0.17987166144031103 0.19480160491285 
0.10478696705546732 0.17974325529844262 0.19503818591643385 
0.10478251203719817 0.17974156574394431 0.19505370278978645 
0.10470632305896577 0.17973480752595125 0.19540761480897612 
0.104678155644329 0.17960809093858096 0.1950415855326788 
0.10459846241240772 0.1795168549956744 0.19507510792065905 
0.10457586861643958 0.17948813256920382 0.19507318719461736 
0.10452940850315162 0.17948475346020726 0.195291971325071 
0.10450168365101914 0.17947968479671247 0.19541032093175428 
0.10730552599915066 0.18300071637110688 0.19547523548867418 
0.10727542533607556 0.182988889489619 0.19557843127809824 
0.10723295889929418 0.18297875216262946 0.19575021415404692 
0.10714878699717637 0.18290272221020684 0.19586695385494554 
0.10704912774792573 0.18289934310121034 0.1963517336652127 
0.10703843890622111 0.18288244755622748 0.19633759569380443 
0.10700445790173996 0.18283176092127937 0.1963047541764177 
0.10697613453369444 0.18281655493079488 0.19638554705470732 
0.10697018985712242 0.18280979671280176 0.19638823756559495 
0.10696063858415177 0.18279965938581214 0.19639544462248976 
0.1069556681000195 0.1827929011678191 0.1963932641711789 
0.10694211643060647 0.1827658682958468 0.1963528910303548 
0.10693851247649064 0.18275911007785375 0.1963438779289618 
0.1068662501336509 0.18273545631487798 0.1966105745912574 
0.10679943883289397 0.18271518166089878 0.19686353247912525 
0.10665303859470882 0.1825141246756046 0.19679130572887435 
0.10656425150312243 0.18251074556660807 0.1972217247508201 
0.1065277190780343 0.18249047091262885 0.197323288260344 
0.1077718821146885 0.1840448610510372 0.19732003363070644 
0.10771387122818564 0.18402796550605435 0.1975425058832892 
0.10761646370525149 0.18389786980968761 0.197509160712493 
0.10756654708941045 0.1838657682742205 0.1976303376498297 
0.10753578676766237 0.18384549362024127 0.19770304064265332 
0.10733969115792859 0.18375425767733464 0.19831857491969562 
0.10731093242853973 0.18371708747837256 0.19831368777079167 
0.10724414490821604 0.18365626351643485 0.1984043295246592 
0.10965442627084918 0.18670590938581205 0.19855150618900233 
0.1109527359910743 0.18836167279411656 0.19868301122109475 
0.11093168244985022 0.18833126081314772 0.19866663100333984 
0.11078549609585066 0.1882924010596876 0.19924212375949704 
0.1107768181644949 0.18828564284169452 0.19925848054430365 
0.11074165370011257 0.1882788846237014 0.19940726999424288 
0.12177079789472042 0.1922476481401363 0.16013660308694316 
0.12176534680057347 0.19223920036764494 0.16013006746771252 
0.12172740367730882 0.19217837640570726 0.16007648723628495 
0.12169017907885188 0.19217330774221245 0.16024233557459044 
0.12054975918758862 0.19075408196366547 0.1602675319167189 
0.12054459654476184 0.19074563419117413 0.16025955404088735 
0.1203362228032496 0.19052092344290442 0.16040257975536973 
0.12030150410657525 0.1904938905709321 0.1604680417508522 
0.12025779538446968 0.19047699502594925 0.16061900318144864 
0.12001570138845583 0.19015260056228123 0.16053189530684586 
0.11995302412234002 0.1900816392733538 0.16056143648171525 
0.1199341298830688 0.19007488105536077 0.16062887480609916 
0.11986212654640678 0.18998702422145072 0.1606374641537691 
0.11960550643921686 0.1896795253027658 0.16069056901497905 
0.1195758342261902 0.18965925064878655 0.16075783146419523 
0.11954047385827771 0.18963221777681427 0.1608265018158686 
0.1194321588765492 0.18949536386245405 0.16082066106707024 
0.11942479172974947 0.18949367430795575 0.1608507385830756 
0.12664745448083814 0.19077097750864758 0.12984663763039975 
0.1265167174264203 0.1906189176038033 0.12989208328311186 
0.12579759905232202 0.18970655817473756 0.12983823743734016 
0.12576030441752448 0.1896676984212774 0.1298692715974872 
0.12786631788645839 0.19226285413061983 0.12971982709018737 
0.12776560861229358 0.19216148086072377 0.1298178803814271 
0.12773637645596694 0.19214965397923586 0.1299167336371087 
0.12929589036033848 0.19167657871971977 0.12022686307718677 
0.12922487079354178 0.19164785629324907 0.1204670712052874 
0.12903438594900057 0.191406249999996 0.12045307025498116 
0.1289989182101764 0.19137752757352544 0.12051551924321979 
0.1301753970438945 0.1928508190960166 0.12052629116459397 
0.13000735062486812 0.1926480725562242 0.12055553710055619 
0.12998441129035307 0.19262272923875015 0.1205688605032352 
0.12850124162910298 0.1907811148356361 0.1206182511970295 
0.13063072169995416 0.19070170577421713 0.1096532145970979 
0.13058507834840408 0.19066622512975348 0.10973950877699351 
0.13043591477515407 0.19049051146193346 0.10978247197196352 
0.13038393580440621 0.19044996215397497 0.10988016959386895 
0.13034753446570524 0.1904296874999958 0.10998107767145708 
0.13026833882486438 0.1903485888840789 0.11005266141199371 
0.1302374950195023 0.190336762002591 0.11015957291285257 
0.13020111330723377 0.19029621269463254 0.11017928424236123 
0.13017010704673743 0.19026242160466722 0.11019915118498166 
0.1301457633897681 0.19025904249567063 0.1103073530338421 
0.1293082204533536 0.18922841425172618 0.11037255474013677 
0.1292520282721532 0.18918786494376744 0.11049131841430375 
0.12922920186626707 0.18917772761677776 0.1105649011357757 
0.1292178728758342 0.1891642111807916 0.1105674803439955 
0.12915121684219155 0.1891050767733521 0.11066422288245065 
0.12862463377612612 0.18843601319203723 0.11062088388751835 
0.128592549420654 0.1884241863105493 0.11073399813892708 
0.12858162055780525 0.18841404898355962 0.11074809314521239 
0.12871027159929166 0.18856272977940777 0.11069956112117282 
0.12867388110421274 0.18851542225345636 0.11069228349276171 
0.12838628291601734 0.1875270328719688 0.10817671690778866 
0.12868144322046757 0.18591857698961592 0.10026709185612587 
0.13000723768013714 0.18760475237888863 0.10038282111486883 
0.12971582589699468 0.1872448772707573 0.10040037959805578 
0.043323657062355345 0.18707761137542858 0.10043029725071789 
0.043159651577203396 0.18676673334774713 0.10044743019334033 
0.04302690829400747 0.18658426146193371 0.10053044487391878 
0.04248101530533814 0.18546915549307535 0.10050712488239907 
0.042464633321718806 0.18543367484861156 0.10050440820517395 
0.04240518895070933 0.18536609266868104 0.10055571476726238 
0.0422183857133176 0.1850349399870196 0.1005981685603844 
0.04195856212842661 0.18462099913494334 0.10070387487809013 
0.0419538529682843 0.18461762002594675 0.10070991408937816 
0.04156938061806864 0.1838877324826945 0.10074897124655721 
0.041507491141055806 0.18376777411331738 0.10075279183120577 
0.04136397156492514 0.18356671712802333 0.10083877399817305 
0.041359264858152264 0.183558269355532 0.10083973963922746 
0.04081539591285711 0.18245667982265654 0.10082588799694232 
0.055570675692462254 0.18564655871539146 0.07450520733046695 
0.05523063588133177 0.18499776978805646 0.07453649802539292 
0.06248423660783965 0.18560600940743435 0.060637536191755055 
0.062380230011082616 0.18544381217560046 0.06068335215343523 
0.06471834469928674 0.1889834288494769 0.059546739450903406 
0.06374623987360907 0.18705057850345275 0.0595580987562346 
0.06918366964979547 0.19712708153113667 0.05875974223154572 
0.06877265836306408 0.19632285358995966 0.05877753686383149 
0.06875579581112153 0.19629919982698377 0.05878760820474072 
0.06842618249008642 0.19566054822663653 0.05880818324646371 
0.07205569704666853 0.1927578935986114 0.04864649950527434 
0.07069456468795936 0.19002926308390955 0.04864013370799083 
0.07047416618468923 0.1896102535683388 0.04866192119896035 
0.07075281095567729 0.18948860564446388 0.04798298373310929 
0.07292769186384075 0.1938611726859873 0.04800578895830579 
0.06926855740499535 0.19460457666522815 0.056067461855237435 
0.07160779451593083 0.19371418144465344 0.050498592412791796 
0.07159487654445697 0.19369052768167758 0.050500774592763635 
0.0735193142749046 0.1975291955017436 0.0504905669519344 
0.07515843799798821 0.20083058499136222 0.050513708995385785 
0.07582992219852534 0.2022362943339181 0.050576449936867406 
0.07706024318457973 0.20470980211938397 0.05058931575022451 
0.07799591948952281 0.2065835180579624 0.050591679078916804 
0.07845920065092561 0.20752291035899842 0.05060450905714719 
0.07839752490316843 0.20739788332612014 0.05060283351978327 
0.07702893517386028 0.20466418414791393 0.05060631380019336 
0.07095873190205944 0.18533230157861458 0.04341483777449571 
0.048356466264566966 0.14076354346876543 0.044050610939631495 
-0.03254952867030507 -0.029374594506884656 0.03572446283372549 
