133 134 135 136 137 138 139 140 141 142 143 144 145 146 147 173 174 179 180 181 198 199 200 212 236 237 246 247 248 249 250 251 258 259 260 261 262 263 264 271 272 273 274 275 281 282 283 284 285 293 294 295 296 297 298 299 304 305 324 325 341 342 343 344 345 346 354 
3 9 12 17 18 19 22 23 28 29 30 46 47 48 49 50 51 52 56 58 60 61 62 65 66 67 70 71 72 73 74 81 88 89 90 91 92 93 94 95 96 98 100 101 103 108 109 111 112 113 114 115 121 122 125 126 127 128 
59 163 168 169 170 171 172 175 176 177 178 182 183 184 185 186 187 188 189 229 230 231 232 233 234 235 252 255 256 257 265 268 269 270 300 302 303 312 313 322 323 328 329 330 331 332 333 
0 1 2 4 5 6 14 15 16 24 25 26 27 31 32 33 34 35 36 37 41 42 43 44 45 53 54 55 57 63 64 68 69 75 76 77 97 99 102 110 119 120 123 124 
162 164 165 166 201 202 203 204 238 253 254 286 287 288 289 290 291 292 301 351 352 353 
10 11 13 20 21 78 79 80 86 87 104 105 167 208 209 210 244 245 
211 213 214 215 216 217 218 219 220 221 222 223 224 225 226 227 228 
157 158 159 160 161 276 277 314 315 316 
148 149 150 151 152 153 154 155 156 
190 191 192 193 194 195 196 197 
278 279 280 337 338 339 340 
306 307 308 309 310 311 
106 107 116 117 118 
239 240 241 242 243 
317 318 319 320 321 
82 83 84 85 
266 267 326 327 
347 348 349 350 
38 39 40 
205 206 207 
334 335 336 
7 8 
129 130 
131 132 
